00110000
11110010  // rdx 2
10000000
00000000
00000000
00000000
00000000
00000000
00000000
00000000
00110000 // irmovq 
11110001   //  rcx
00000011   // 3
00000000
00000000
00000000
00000000
00000000
00000000
00000000
01000000  // rmmovq
00010010  //  rcx  rdx
00000000
00000000
00000000
00000000
00000000
00000000
00000000
00000000
00110000  //irmovq
11110011  // F rbx
00001010  //10
00000000
00000000
00000000
00000000
00000000
00000000
00000000
01010000   // mrmovq 
00100000   // 2 rdx   0 rax 
00000000
00000000
00000000
00000000
00000000
00000000
00000000
00000000