00110000  
11110010
00010000
00000000
00000000
00000000
00000000
00000000
00000000
00000000
10000000 //call
00011110 //30
00000000
00000000
00000000
00000000
00000000
00000000
00000000
00110000  // irmovq
11110111
00000111   //6
00000000
00000000
00000000
00000000
00000000
00000000
00000000
00000000 //halt
00110000  // irmovq
11110011
00001111   //15
00000000
00000000
00000000
00000000
00000000
00000000
00000000
10010000   //ret
00110000  // irmovq
11111010
00001001
00000000
00000000
00000000
00000000
00000000
00000000
00000000
00110000  // irmovq
11111010
00001001
00000000
00000000
00000000
00000000
00000000
00000000
00000000
00110000  // irmovq
11111010
00001001
00000000
00000000
00000000
00000000
00000000
00000000
00000000
00110000  // irmovq
11111010
00001001
00000000
00000000
00000000
00000000
00000000
00000000
00000000
00000000