00110000
11110011
00000000
00000001
00000000
00000000
00000000
00000000
00000000
00000000
00110000
11110010
00000000
00000010
00000000
00000000
00000000
00000000
00000000
00000000
01100000 //opq - add
00100011
00100101 //cmov - ge
00110010
00110000 //irmov - 256
11110011
00000000
00000001
00000000
00000000
00000000
00000000
00000000
00000000
00100001 //cmov - le
00100011
10000000 //call
00110000
00000000
00000000    // 48
00000000
00000000
00000000
00000000
00000000
00100001 //cmov - le
00100011
00000000
00100001 //cmov - le
00100011
10010000 //ret
01110101 //jge
00001010
00000000
00000000
00000000
00000000
00000000
00000000
00000000
10100000 // push
00100011
10110000 //pop
00101111